f <- 
c(0.440998630889568, 0.450113528572208, 0.459220531748511, 0.468386150712631,
0.477522389195177, 0.486707497480205, 0.495901522326233, 0.505063553796704, 0.514231670915747,
0.523393430144519, 0.532560082155937, 0.541693646333024, 0.550799413085209, 0.55988786895527,
0.568975249421357, 0.577992836308807, 0.586981001443219, 0.595940071182503, 0.604822072076292,
0.613678277417441, 0.622467676233967, 0.631211905722967, 0.639866670475447, 0.648500904037941,
0.656995818749395, 0.665469984795299, 0.673845232765843, 0.68213856089859, 0.690350568369719,
0.698461253305948, 0.706475330032689, 0.714399643188851, 0.722216833745973, 0.729896316727719,
0.737500052886473, 0.744984059636453, 0.752334591925565, 0.75957988142851, 0.766691317701602,
0.773695756181514, 0.780535891268953, 0.787216295547189, 0.793808922514443, 0.800223787299722,
0.806525102364577, 0.812638582609408, 0.818631211787244, 0.824436913434808, 0.830121842548711,
0.835618845530463, 0.840955214128038, 0.846146813361169, 0.851143237142467, 0.855965485448938,
0.860620034208575, 0.865132346101323, 0.869412541121135, 0.873530776228745, 0.877459366671997,
0.881213762431833, 0.884781669648815, 0.888139726814106, 0.891327287390977, 0.894302729991254,
0.89711238440781, 0.899667032169843, 0.902060146170476, 0.904268501646889, 0.906259803400238,
0.908014066941706, 0.909604126291817, 0.910949807521137, 0.91213338986362, 0.913081071074294,
0.913814638029373, 0.914350977746292, 0.91468105461375, 0.914796527735993, 0.914679154268816,
0.914402342929314, 0.913840304798706, 0.913103948687166, 0.912137177307646, 0.910973334138822,
0.909595387464664, 0.907986784841067, 0.906161656834264, 0.90414581988083, 0.901895023325485,
0.899431698859443, 0.89676609179023, 0.893884134704028, 0.890754604939186, 0.887473891774946,
0.883926817178679, 0.880194416765121, 0.876226976112438, 0.872055992789975, 0.867682280735817,
0.863140006375035, 0.858339689881584, 0.853356433530888, 0.848132541012597, 0.842725859863928,
0.837135214197069, 0.831314656372451, 0.825307614326434, 0.819115108486529, 0.812697359380246,
0.806100717880743, 0.799297282732795, 0.792288623373632, 0.785124924763508, 0.777748233590526,
0.770188602879447, 0.762441884821789, 0.754492428656936, 0.746386996432166, 0.73807763759434,
0.729603937888548, 0.720961363517491, 0.712117276014868, 0.703116248324729, 0.693942759120801,
0.684584885400354, 0.675082868828625, 0.665410732649786, 0.655568092576147, 0.64555250295126,
0.635388220456964, 0.625084340060993, 0.614582777399722, 0.603976459432638, 0.593205674631849,
0.582286330314137, 0.571222316805275, 0.560010975182463, 0.548689471600335, 0.537174370907025,
0.525542745342321, 0.513790307603619, 0.501894422675351, 0.489872925146055, 0.477718064538726,
0.465455524674951, 0.453031496093859, 0.440529025774633, 0.427894436093453, 0.415137966035831,
0.402278981096866, 0.389272920316817, 0.376210630487266, 0.363021939452994, 0.349726713242415,
0.336323822865616, 0.322831542237482, 0.309230329976902, 0.295527439582298, 0.281712675462227,
0.26785061747947, 0.253892403830138, 0.239810151399726, 0.225687086257029, 0.211436292610333,
0.19712715857373, 0.18273581865185, 0.168277284202892, 0.153726575636362, 0.1391210105969,
0.124442033980915, 0.109660070916663, 0.0948315308605787, 0.0799624651263236, 0.0650197218472306,
0.0499799981679569, 0.0349065363419828, 0.0197589287429685, 0.00457519377908712, -0.0106738076899644,
-0.0259802802005986, -0.0413218097015843, -0.0567408277373241, -0.0721848081047589,
-0.0876684085710771, -0.103233526711065, -0.118810949481521, -0.134449865950749, -0.150118661235216,
-0.165838629117439, -0.181585776284212, -0.197377227967769, -0.213173671419195, -0.229026415899791,
-0.244927289461539, -0.260839157460299, -0.276770773306733, -0.292755088370316, -0.308741213422961,
-0.324754461751616, -0.340798124337945, -0.356879186198022, -0.372969829501565, -0.389053373824714,
-0.405172333526102, -0.421335370748404, -0.437493582097971, -0.453658858916295, -0.46981780620444,
-0.486018000665655, -0.502218594565086, -0.518405689568239, -0.534645430357857, -0.550872792103818,
-0.567082227066952, -0.583325136854603, -0.599545648178786, -0.615788191502455, -0.632008386937423,
-0.648227931242798, -0.664433630895798, -0.680654926661533, -0.696889769974996, -0.713094497460552,
-0.7292811620396, -0.745470615219388, -0.761629842854496, -0.777781525255847, -0.793936332458456,
-0.810072672042575, -0.826144020332959, -0.842226432074988, -0.858291695908756, -0.874347745001638,
-0.890361896033502, -0.906330107715063, -0.922290482917391, -0.938221205067986, -0.954143292306724,
-0.970001416761327, -0.985830738748681, -1.00160131731808, -1.0173748145043, -1.03307627753629,
-1.04874604227246, -1.06435677935603, -1.07997509029861, -1.09549487577753, -1.11096467611539,
-1.12640765170383, -1.14177019763612, -1.15709138936326, -1.17234848878351, -1.18756395948916,
-1.20268094385941, -1.21777699486476, -1.23276191876549, -1.24770460320227, -1.26255399215547,
-1.27735242867751, -1.2920712697571, -1.30670639777149, -1.32125100574108, -1.33572967072454,
-1.35011466009255, -1.36439390837865, -1.37862339504061, -1.39273937392123, -1.40674324793813,
-1.42068119782702, -1.43448693729793, -1.44821744484588, -1.46181227471863, -1.47534417204056,
-1.48872759846891, -1.50199565435838, -1.51516840979243, -1.52821449876827, -1.54115818261731,
-1.55393975603052, -1.56660734191683, -1.57914782188708, -1.59155967435192, -1.60384130509823,
-1.61599176030943, -1.62799620484345, -1.63984505583376, -1.65156683650129, -1.66313039517626,
-1.67454974024438, -1.68581877423797, -1.69692042698177, -1.70786233174831, -1.71865860210467,
-1.72929962713217, -1.73974263455343, -1.75003735333582, -1.76019327583391, -1.7701228859781,
-1.77991027850402, -1.78947245219449, -1.7989176575528, -1.80811788158409, -1.81716540825748,
-1.82603327275976, -1.83472170662174, -1.8431776185938, -1.85144971629555, -1.85954135958832,
-1.86743402154488, -1.87510606586063, -1.88261793516107, -1.88989130767109, -1.89696089013285,
-1.90380360607031, -1.91045377157876, -1.91691840065484, -1.92312863773874, -1.92916476351437,
-1.9349674580973, -1.94054620445799, -1.94589830059635, -1.95105133791543, -1.95597243066308,
-1.96067128797497, -1.96513415769485, -1.96937829928373, -1.97340667567359, -1.97720536441025,
-1.98077223876147, -1.98409705055174, -1.98721916589759, -1.99008455968808, -1.99274446154241,
-1.99514661883232, -1.99732200524572, -1.99930411679702, -2.00102281260603, -2.00248060872729,
-2.00377433930566, -2.00479058179099, -2.00558803691982, -2.00616527754234, -2.00648517920364,
-2.00660445218134, -2.00647792005749, -2.0061322069986, -2.00553119328604, -2.00473828789318,
-2.00368539593432, -2.00244408099281, -2.00095209552938, -1.99922837568901, -1.99732288165229,
-1.99516482958164, -1.99279782002481, -1.99020195631493, -1.98740286891701, -1.98439798400754,
-1.98115744329107, -1.97772277230802, -1.97406669949408, -1.97023361705592, -1.96616051831286,
-1.96192146649167, -1.95743202173539, -1.95278868751522, -1.94796399752635, -1.94291233806976,
-1.93769351717399, -1.93227120875755, -1.9266720238997, -1.92088523450874, -1.91493778155176,
-1.90882156708464, -1.90250495035931, -1.89601526655355, -1.88938189712948, -1.88259214101182,
-1.87566056765001, -1.8685348799115, -1.86129431346332, -1.85386465368937, -1.84632401978991,
-1.83865146118307, -1.83081729920043, -1.82287189141756, -1.81477319121622, -1.80658474250561,
-1.79823473888193, -1.78978259787556, -1.78122653814155, -1.77258112088672, -1.76380265714402,
-1.75493532593836, -1.74594218362251, -1.7368985371347, -1.72774717655171, -1.71852067129873,
-1.70920229935148, -1.69983558450599, -1.69036128238215, -1.68083680271925, -1.67127485375741,
-1.66162598015471, -1.65194770360242, -1.64221549981578, -1.6324179088901, -1.62257399387473,
-1.61273106399074, -1.60284608310396, -1.59293130771042, -1.58299165921643, -1.57301888614703,
